4
48
25
12
3
0
0
0
-3.85371	-11.8545	-30.954	2.59616	3.19547	-10.6306	11.3322	-5.93906	0.424269	0.144156	-1.4172	-3.69981	6.00674	1.03231	7.53561	2.39292	-1.31645	-3.83847	-15.8814	0.812134	-0.110126	-5.28254	7.39072	-6.66008	-5.04225	1.75545	-2.69607	-3.73916	3.59893	1.48966	5.83814	0.804656	5.24527	3.43298	-7.42147	-4.00447	-7.33662	2.02398	3.26013	-4.24431	-9.03939	3.47252	-0.202465	-2.25285	4.15711	-1.96771	4.3937	0.374774
2.89749	7.67897	8.56663	-5.5521	-3.64991	7.33931	-12.01	1.41755	10.8076	6.16947	-5.14487	-10.5872	0.376627	3.05381	1.28759	3.02474	2.79663	6.57506	4.99575	-2.89241	-4.09005	1.50998	-9.93126	3.52233	7.90797	4.96141	-2.65886	-6.02934	-2.38113	1.63212	1.08734	1.51686	6.32932	9.54674	6.32685	-5.09642	-9.2916	3.91155	-6.65107	6.03708	5.01248	6.96876	-2.62646	-6.36291	-4.3244	-2.96362	1.37389	0.253734
-3.16694	-9.96499	-10.5451	7.19578	6.24436	-10.1553	15.9949	-3.00615	-15.2655	-8.07896	7.7367	14.3999	-1.61696	-4.57712	-2.30143	-3.81595	-3.51795	-8.2056	-5.84141	4.21394	5.3362	-1.92209	12.1889	-5.04883	-12.8464	-6.04237	2.8485	8.24787	1.94007	-1.95386	-2.65383	-2.92561	-10.6616	-12.6497	-6.29516	6.98761	13.5926	-4.74393	6.75289	-7.81507	-6.84288	-10.5699	3.392	8.74856	6.94414	2.25524	-1.02634	0.503782
-3.6905	-9.20831	-13.6258	5.07892	3.62893	-7.46415	12.7583	-2.86752	-9.38339	-5.89545	5.21367	8.84792	0.0128065	-3.14755	-0.936072	-3.71911	-2.61657	-7.20667	-6.26745	3.53139	4.21851	-2.73891	10.4606	-4.31837	-8.69152	-3.9586	1.59707	5.2768	2.01634	-1.0922	-1.72756	-1.12442	-6.01998	-8.8505	-6.09596	5.69805	7.67472	-3.64459	5.37049	-7.26162	-6.54957	-6.42273	3.12059	6.01217	4.57832	2.3757	-0.29508	-0.0842488
0.136092	3.46238	21.1717	3.73799	0.763943	3.68983	7.19901	4.22034	-16.117	-7.44872	8.22028	17.3632	-7.65403	-6.1914	-7.53767	-4.23759	-3.68762	-2.83651	9.58657	0.443659	2.65815	1.91971	7.25879	2.02837	-8.73403	-6.35963	4.77906	10.6739	-1.95221	-3.42701	-7.69143	-1.23262	-14.2877	-16.5407	1.65962	8.29278	15.1689	-8.63286	6.25875	-1.3496	1.35288	-13.2804	3.12342	11.4622	-0.0591657	5.82734	-4.8833	3.19095
-2.48365	-7.57913	-18.6098	0.381169	1.49631	-8.12049	6.83136	-3.67368	0.621749	-0.0477382	-1.11672	-1.61624	3.38219	-0.776152	3.21141	1.22051	-1.20253	-2.96857	-11.0453	0.576571	-0.685292	-3.12058	4.93756	-3.28646	-2.55731	1.3588	-0.879877	-1.70054	2.75966	0.0259018	3.22937	1.11822	2.67446	0.941366	-6.36052	-1.7769	-3.87814	0.998172	3.43928	-3.39923	-5.03061	2.69272	0.688395	-1.68389	2.87182	-0.889206	2.00949	-0.44072
2.54873	4.95313	4.60746	-4.14768	-3.15894	4.2507	-10.4913	0.139495	9.61394	5.42798	-4.29076	-8.46483	1.17573	3.68507	2.39048	2.66824	2.60935	5.60049	2.37004	-1.6178	-3.68107	0.978259	-8.48909	2.39153	6.79416	5.16367	-2.34425	-4.94484	-0.345666	1.25107	1.11761	2.56998	6.54107	8.24581	3.46883	-4.10508	-7.71148	2.55474	-5.42286	3.23415	2.92468	7.39942	-1.91837	-6.28345	-2.61842	-1.57164	1.13644	-1.06809
2.67667	10.4288	13.1681	-6.08069	-5.36967	9.38851	-13.9348	3.1584	10.8037	5.88716	-5.51992	-10.7618	0.77036	2.75382	1.57616	3.32329	3.27909	5.91294	7.03853	-2.59591	-5.01417	2.56	-10.8845	5.43846	10.8405	4.70079	-2.0936	-6.29159	-3.50723	1.73604	1.75691	2.16306	7.25106	10.8366	7.30265	-6.36804	-9.96336	4.17722	-6.23325	6.32569	6.2319	8.60948	-3.93374	-7.30643	-5.3699	-1.66747	0.91175	-0.442791
1.71736	8.29453	10.0821	-5.19958	-4.47198	6.95461	-12.5446	2.66308	10.2531	5.72149	-5.64595	-9.74113	1.44082	3.97644	1.69669	3.8264	3.61146	6.37678	5.89618	-3.49239	-4.24122	2.17853	-10.8908	4.46493	10.165	4.81974	-2.2007	-5.70448	-1.21407	1.61284	1.24695	2.2985	8.22338	9.8072	5.23858	-6.36791	-9.64951	4.50089	-6.38075	6.41146	4.71272	8.34406	-2.10785	-7.1085	-5.19365	-2.45011	0.423462	-1.10667
-2.44863	-12.1823	-29.9907	2.17962	3.39043	-12.3041	11.5947	-6.53367	0.995289	-0.453953	-0.148612	-3.14812	5.96978	0.793901	6.74667	1.44304	-0.824728	-3.83238	-15.5023	0.508466	0.147689	-4.01015	6.40522	-5.38808	-5.9895	1.20285	-1.75674	-3.75249	4.3421	1.53408	4.88834	2.19286	4.48641	2.90302	-8.95433	-2.74427	-6.95202	2.31905	4.41494	-3.83301	-8.95081	4.30294	-0.225666	-3.56968	4.66817	-2.20955	5.17147	0.303556
-2.83177	-11.7372	-13.5382	8.06826	6.51894	-8.77601	16.2593	-4.86605	-12.4446	-8.19183	7.19613	13.3434	-1.01204	-3.90034	-2.32947	-3.49636	-2.85353	-8.1024	-7.24128	3.53944	4.78164	-2.99639	11.7378	-5.18725	-12.1325	-5.72385	2.80377	6.79149	3.02497	-0.936178	-1.5166	-2.24928	-7.38037	-11.8323	-7.55636	6.66299	11.555	-3.63095	7.34778	-9.42134	-6.71031	-8.56017	4.68636	8.31805	5.98553	3.37287	-0.874328	0.783492
-0.776628	-4.00877	-24.2574	-4.22866	-1.40423	-3.0133	-8.69739	-4.12396	19.771	8.24331	-10.4065	-20.8808	7.57369	7.00668	10.1224	4.41976	5.37109	2.29429	-10.8279	-0.786024	-2.19342	-0.560049	-8.9155	-3.45365	10.3053	8.55384	-5.54117	-11.8733	1.76698	3.74701	9.01495	2.40167	16.1927	19.4255	-1.1802	-9.06497	-18.7131	10.8092	-6.00988	0.51399	-0.882869	13.7705	-2.67769	-13.5626	-0.881143	-6.50529	5.50344	-4.13496
0.0997328	-1.20659	-14.5166	-2.57388	-1.38315	-1.30285	-5.8779	-2.55962	11.984	5.30352	-5.93074	-12.3337	5.16925	3.33809	4.68034	2.4588	2.22092	1.72282	-5.75719	-1.92798	-2.78191	-1.49741	-5.82432	-0.719382	7.05881	5.93224	-2.40444	-8.30008	1.38732	1.71283	5.01064	1.33611	10.5336	11.5296	-1.02633	-7.32318	-11.6242	5.73661	-4.3839	0.774583	0.33673	11.0788	-2.19644	-8.65689	-0.293454	-4.35948	3.94334	-2.48023
2.45717	9.45138	22.5994	-1.3301	-1.52072	8.00596	-6.0957	4.68365	-2.20422	-0.554958	0.985311	4.85021	-4.95722	-1.44435	-5.08843	-1.62389	1.18114	2.41415	12.2499	-0.897654	0.566463	3.72266	-5.23132	4.06889	2.99688	-2.29461	1.20124	2.92747	-2.95904	0.260039	-3.80503	-1.78725	-4.4767	-3.85776	6.28213	2.73574	5.51283	-0.49139	-2.31933	2.77262	5.41402	-3.09684	0.781068	2.91444	-3.43813	2.72302	-3.12801	0.825547
2.98472	9.31325	22.4045	-2.00042	-1.45308	7.58671	-6.23362	4.19969	-1.74945	-0.820141	1.46252	4.20674	-4.09778	-0.262809	-3.36684	-0.893809	-0.291886	2.63938	10.9136	-0.253073	1.70176	3.57298	-4.46012	3.23962	3.45685	-1.59658	2.39661	3.75157	-2.2071	-1.12485	-4.83669	-1.60153	-2.90142	-2.23437	5.25523	1.92656	5.46527	-1.28409	-3.07919	3.6353	5.28751	-3.45311	0.26401	3.60667	-1.98774	1.22466	-2.93569	0.173872
3.6196	12.4749	29.1103	-2.20668	-2.15358	11.185	-10.1796	5.90986	-0.543523	-0.181784	0.842127	2.72171	-4.86347	-0.318316	-5.97322	-2.24719	0.157927	3.5547	15.2481	-1.21314	1.29716	5.07339	-6.71238	5.07721	4.68496	-1.626	1.40725	4.23063	-3.25384	-1.63054	-6.28024	-1.89017	-4.60191	-3.13799	7.34524	2.7441	6.30559	-2.45745	-4.11447	5.233	7.54893	-3.72006	0.383763	2.16509	-5.31025	1.22667	-4.1552	0.45613
-1.91526	-8.0692	-10.2639	5.95532	4.51995	-8.70183	13.4249	-1.9993	-11.4066	-7.01363	6.58546	10.7937	-1.16057	-2.78636	-1.60776	-3.79905	-2.80853	-6.9577	-6.52832	2.07121	4.92246	-1.5014	10.0048	-3.70609	-10.4796	-5.27633	3.58963	5.68237	2.18885	-1.58879	-2.35052	-2.10937	-8.00952	-11.4212	-6.68611	5.81037	10.4511	-4.19544	6.65665	-7.362	-6.30559	-7.40895	3.7732	6.16531	4.3846	2.76759	-0.660746	1.00386
2.65269	10.2342	10.3036	-6.08465	-5.60386	9.12994	-15.4945	3.66157	12.5924	8.03036	-6.94301	-12.6313	0.479336	3.72525	2.24077	3.03768	4.60024	7.23968	5.93711	-2.10468	-4.85746	1.79199	-11.1942	5.13218	10.6246	6.28487	-4.13005	-7.89346	-1.83892	2.10223	1.32191	2.83702	8.22262	12.0202	6.09483	-7.37307	-12.7805	5.17706	-6.91404	8.56622	6.35078	9.59144	-3.78082	-8.0326	-4.65685	-3.52888	0.704099	-0.282427
2.94067	10.7707	13.017	-9.16474	-6.50923	10.0857	-18.7851	4.05164	16.052	8.75903	-9.32211	-16.4763	1.9617	5.69336	3.74368	4.59663	4.5529	8.69972	6.68889	-4.92873	-6.85908	3.06557	-12.5326	6.92998	14.977	8.60085	-5.02811	-8.49356	-4.13272	1.98925	3.23282	2.45146	10.7333	15.1182	7.73272	-9.39623	-15.5149	4.62628	-7.82941	10.1189	7.96282	11.7633	-5.2094	-10.6239	-7.75104	-4.44396	1.04219	-0.757629
3.97322	10.7018	29.868	-1.2947	-2.46596	11.5814	-10.1371	6.95709	-1.53373	0.464241	0.76991	4.99764	-5.32785	-0.696264	-7.04365	-1.86422	0.470737	4.03855	14.5877	0.0354541	1.63467	3.74437	-6.64412	6.0026	4.46245	-1.61386	1.61853	4.25338	-4.74533	-1.85134	-6.33907	-1.59071	-4.98257	-4.02399	7.78347	4.27356	7.4335	-2.28756	-3.54807	3.40873	7.61711	-4.04225	0.0749429	4.5284	-4.37657	3.24014	-3.87992	0.383335
0.773559	2.38193	19.4348	2.79181	1.44368	1.97105	7.43688	3.99075	-15.8453	-6.51542	8.2425	17.5122	-6.50776	-4.59167	-7.82673	-3.99862	-3.50396	-2.45841	8.18787	1.34993	3.44996	1.0777	6.4616	2.49256	-8.23622	-7.42601	4.31681	10.174	-1.52322	-3.52413	-8.06839	-0.844295	-13.8717	-15.7653	0.835632	7.02098	15.2344	-8.04908	5.60972	-2.07074	0.0891917	-12.8432	2.43166	11.144	0.522282	6.18714	-5.44346	3.07372
-1.62211	-7.06099	-16.7919	1.59278	0.708988	-7.58262	6.3879	-2.66344	-0.72339	-0.128477	-0.153336	-0.345765	2.84818	-0.249204	1.87395	0.224181	-1.67215	-3.58792	-9.88023	-0.241865	-0.591711	-3.26105	4.71406	-2.39492	-3.16205	0.588078	-1.86655	-2.30254	2.97056	-0.191662	2.85227	0.984264	0.81403	0.819058	-6.13871	-0.68141	-1.68638	0.554614	3.60728	-3.08809	-5.10059	2.43194	0.0659545	-2.03688	3.3958	-1.51537	1.8935	0.0657733
-2.84242	-6.86367	-1.218	7.27102	3.734	-5.92031	16.135	-1.98882	-17.3256	-8.92049	9.32544	18.1526	-4.2497	-4.96416	-4.13925	-4.57388	-4.61931	-7.30992	-1.85073	3.42355	6.39066	-1.10659	11.1137	-3.3411	-11.8834	-7.78995	4.88768	8.60702	2.06889	-2.73594	-3.34619	-2.69415	-12.0881	-15.7508	-5.32928	9.19281	14.6695	-7.00862	7.19368	-7.42337	-5.10811	-13.241	3.83892	10.083	5.74102	4.82241	-3.04023	1.64108
0.874781	0.152923	-1.28082	-0.0321626	-0.44919	0.517642	-0.670752	-0.573718	0.657313	-0.735805	0.892975	0.792239	-0.415936	-0.168521	1.03398	-1.70916	1.01285	0.689921	0.310074	0.286001	0.346651	0.440407	-0.57288	-0.735266	-0.707645	0.398672	0.724919	-1.07369	0.909021	-0.479287	-0.269436	-1.5496	1.68374	-0.466851	-0.37947	0.523041	-0.30495	-0.0289019	0.308033	0.151898	-0.123018	0.217742	0.776325	-0.979554	-0.251767	-0.738247	-0.658692	-1.46028
2.89532	10.9686	22.7098	-2.88165	-2.53225	9.73207	-9.87414	4.85659	1.90519	0.643778	-1.36523	1.17823	-2.92363	-0.64732	-4.44918	-1.26652	2.09411	5.0208	12.5975	-0.382219	1.12082	4.94611	-6.59628	3.71145	5.41815	-0.920248	1.9149	2.28461	-3.17282	0.191543	-3.53158	-0.0253121	-2.17379	-0.706099	7.78664	1.84998	3.41818	-1.11807	-5.42263	4.95956	7.33629	-1.65716	-0.106358	1.27676	-3.84215	1.15463	-2.79474	-0.792404
-0.582476	1.81648	-1.71281	-1.16538	-0.616336	-0.331405	0.525649	2.90931	0.582908	-1.44221	-2.56403	0.606638	0.457696	-0.0753047	0.39821	1.9447	0.0573055	1.9037	4.64112	0.887553	0.307955	-0.572191	-2.34098	-0.0372772	1.37042
0.229665	-1.52968	1.98295	0.51887	-0.312506	0.560441	-1.07051	-1.65199	-1.4928	1.19068	2.34236	-1.02502	0.556087	-0.605924	0.119829	-0.35463	1.21393	-1.15338	-4.17405	-1.08851	0.042487	0.363044	1.1074	-0.322774	-0.598684
-3.98332	0.342964	-1.67206	-0.102325	-0.261451	-1.09632	0.509186	1.2886	0.181609	-4.00197	-0.955714	-0.74274	-0.463601	0.975762	0.609157	2.63032	-0.684964	0.228127	-0.923779	2.39194	-0.069717	0.0480502	0.449777	0.490652	0.859278
1.1434	-0.159251	1.71976	0.95972	-0.370132	-0.514129	0.00657325	-1.29105	-1.62655	0.824175	2.60813	-1.47466	-0.707859	-0.944833	0.73339	-0.943938	1.12527	-1.06084	-4.45469	-0.53012	0.0157135	0.249996	1.3805	0.52357	-1.28446
0.46273	1.06553	1.48471	0.20588	1.40106	-0.179387	-0.808401	0.700385	-0.500378	0.878113	0.369906	0.455451	-0.281932	1.58431	1.24677	-0.102877	1.11085	-0.375262	-0.644825	1.69872	0.780639	-0.090798	1.55946	-0.548444	0.209611
-0.255942	0.680331	-2.63824	-1.43596	-0.365697	-0.125456	-0.258685	1.16786	1.21402	-0.258111	-0.970818	0.453695	0.657413	-0.00236684	0.376462	0.643649	-1.48162	2.2237	4.75841	-0.0104538	-0.447234	0.0906191	-1.75313	0.296678	1.46879
3.44327	0.576659	0.17954	1.02122	-0.278087	0.785013	0.730506	-0.377058	-0.263898	3.80101	1.97066	1.24154	0.888096	-0.826544	-0.497245	-2.45565	-0.149545	-0.722335	-0.132909	-2.52157	-0.505683	-0.361189	0.00321307	0.04764	-2.26843
-4.01811	-0.695657	-0.679312	-0.0983515	1.21536	0.215974	0.504382	-0.0772846	-0.750552	-3.18463	-2.09836	-1.27811	0.563134	0.709431	0.80097	1.33899	-1.28216	0.734402	1.23253	2.8388	-0.910763	-0.448409	-0.851243	-0.595394	1.20238
-2.53302	0.775872	1.49962	0.784357	1.2515	0.589475	-0.103484	0.140469	-0.433904	-0.782873	2.16433	-1.66374	-0.413752	0.576204	1.441	3.06668	1.48459	-0.584607	-3.0421	2.03766	1.53659	-0.330537	2.58622	0.027722	0.827584
-2.47748	0.11563	3.06245	0.868837	2.04829	-0.096909	-0.0516098	0.431823	-0.218626	-1.62216	2.37915	-1.65629	-0.208011	1.75194	0.288563	3.11882	0.640936	-1.15257	-3.23635	2.80077	2.32173	-0.461274	3.0872	0.0751564	1.7191
-0.791976	0.841706	2.71255	0.0727072	1.95997	0.127965	-0.1006	-1.01839	0.588914	-2.0858	1.18465	-1.81545	-0.392954	0.86544	1.10752	1.67901	1.45048	-1.50488	-1.70662	3.18015	1.36123	-0.57916	3.08201	-0.899614	0.815487
3.3783	0.18549	1.46514	1.35421	-1.33153	0.756553	0.447089	-0.700128	-0.379141	3.67861	1.02506	1.48088	0.331293	-0.0145131	-0.923545	-2.30797	0.606795	-0.455892	-0.520179	-2.88137	-0.423433	1.19826	0.350618	0.19517	-0.22404
-3.91437	2.64047	-0.265536	2.29326	-0.458109	-3.0456	0.0913337	-1.10948	0.809719	0.578218	0.346709	0.44761
1.44812	-0.111752	2.73892	-0.810993	-1.23277	-0.459505	-3.50465	2.3623	0.485217	1.21428	0.180976	-3.31241
1.97206	-0.870771	-1.489	-1.22424	-1.70141	1.68126	2.27067	-0.00851879	-1.51027	-3.83615	-2.20885	1.97851
apagar 1 0 0
prender 0 1 0
puerta 0 0 1
