4
48
25
12
2
0
0
0
-1.43655	-1.65206	-3.90909	0.132036	0.617535	-1.53565	1.12368	-1.29707	-0.0330403	0.185812	-0.207627	0.198653	-0.144428	0.00512376	1.11805	-0.107594	-0.158033	-0.368771	-2.40107	-0.668725	-1.01417	0.207431	2.43709	-1.37708	-1.50416	-0.0854708	-0.147927	-0.157656	0.0176429	-0.760274	0.177326	-0.178369	-0.318659	-0.257022	-2.23314	0.0386661	0.519893	0.506337	0.215049	-0.668647	-2.10548	0.540393	0.856857	1.08291	0.606724	0.663062	-0.654583	-0.283126
1.37233	6.09824	10.6718	-1.66282	-2.04056	4.63388	-7.1707	2.24575	3.02941	1.42619	-0.784741	-1.50786	-1.07527	1.89185	-1.2707	0.637908	1.37751	2.65334	6.45248	-0.606307	0.592391	1.827	-4.04224	2.26471	3.96966	-0.458211	0.448075	-0.563834	-1.48353	0.696324	-1.01863	0.365158	0.575689	1.39456	3.82968	-0.501531	-1.4588	0.268192	-4.28626	2.19106	3.30956	0.966603	-0.144527	-0.997554	-2.39547	0.99032	-0.806683	-0.480027
1.21559	5.71503	10.6362	-1.60886	-0.488588	4.26682	-7.18717	2.68582	2.34403	1.46282	-1.87755	-1.6029	-1.64563	0.494271	-1.52186	0.64393	1.82531	4.1846	6.57552	-1.1999	-0.529352	1.62135	-5.59058	1.13752	2.9774	-0.696326	-0.617708	0.471134	-0.935493	1.65875	-1.07869	0.871897	1.16571	2.49667	4.08853	0.358905	-0.389818	0.0286555	-3.55692	2.2352	4.34253	1.05509	-0.526774	0.125348	-2.15859	-0.37965	-1.47637	-0.553622
-2.50511	-5.54119	-13.4237	2.05722	0.653858	-6.04958	7.45899	-2.37227	-1.69886	-1.19267	1.96129	1.73414	1.0325	-2.09024	1.90926	-1.21608	-2.49971	-2.8649	-7.9138	0.204142	-0.536742	-2.45892	5.9155	-2.05384	-3.53537	-0.0155096	0.244502	1.09389	2.60418	-0.224886	2.04214	-1.05949	-1.84328	-3.22768	-5.03725	0.253626	-0.030431	-1.07168	4.32886	-2.31762	-4.07251	-0.87057	1.2231	1.15719	2.0507	0.573831	1.41783	0.649343
-0.727749	-5.16671	-8.29575	1.06107	0.91145	-4.8041	5.88092	-1.4172	-2.17587	-1.28608	0.641122	1.59277	0.673304	-1.35735	1.50827	-0.190911	-1.60287	-3.52897	-5.913	1.15105	0.425725	-1.71687	3.92998	-1.82682	-2.13045	-0.324526	-0.122629	-0.582104	0.396282	-1.02615	0.237953	-0.043397	-1.32248	-1.81189	-2.84168	-0.534875	0.627074	-0.346626	2.92378	-1.36676	-2.63161	-1.0839	-0.327988	1.21461	2.2957	0.12976	1.80074	-0.602115
-2.18	-6.34089	-14.0849	2.45034	1.01853	-6.25201	6.88398	-2.48257	-2.27494	-1.69663	1.84509	0.676647	0.922653	-1.33348	2.07359	-1.48205	-1.65517	-3.8848	-7.16764	-0.361801	-0.202465	-2.73568	5.98391	-2.85767	-4.13114	-0.537665	-0.289795	0.454572	1.20203	-1.66985	1.36201	0.065524	-1.48657	-3.46709	-5.50098	-0.469997	1.52338	-1.02223	4.27416	-2.74139	-4.53211	-1.86532	-0.0522337	1.02413	2.59315	-0.942154	1.79594	0.264537
2.59862	4.76417	11.6047	-0.709162	-1.96286	5.5077	-5.65243	1.50482	2.46493	1.42938	-1.94559	-0.555096	-1.2704	0.771423	-0.0138087	0.81826	1.07864	2.30386	5.87671	-0.718241	-0.327716	1.55655	-5.41555	2.34035	3.67315	-0.467239	-0.228196	0.559018	-1.64933	1.0741	-0.141953	0.39479	1.69067	3.0307	3.75454	-0.511194	-0.503516	0.848892	-2.63794	1.50821	3.49045	0.118542	-0.839946	-1.09956	-1.99599	0.00877736	-1.79082	-0.000835848
1.75106	8.06266	15.8168	-1.19713	-0.939743	6.2938	-8.93874	2.90453	3.03598	1.69399	-1.58624	-1.06759	-1.8048	1.33198	-0.872455	1.3159	2.34371	4.59774	9.25955	-0.591775	-0.851836	3.27819	-7.29912	2.1383	5.19135	0.401441	0.208526	0.424267	-2.51747	1.70032	-0.65059	-0.595316	1.14248	3.02188	5.8887	-1.26861	-0.929878	1.1185	-5.43099	4.69918	5.20761	1.78643	0.0871505	0.0176396	-2.03333	-0.0348266	-0.574597	0.1616
-2.35576	-5.13926	-8.86455	1.0808	1.4746	-4.37984	5.94195	-1.13189	-1.61224	-0.858434	0.931005	1.62578	1.94183	-1.12994	1.34056	-0.476381	-0.412345	-2.85235	-6.50361	0.353501	0.419652	-1.21528	5.12183	-1.99245	-3.84808	-0.470602	-0.484319	0.257936	1.6454	-0.46147	0.460933	0.602294	-1.10673	-1.388	-4.34476	-0.217275	1.2701	-1.43845	2.79295	-2.93764	-3.08268	-0.524355	-0.472743	0.441596	1.8331	-0.00757399	0.289945	-0.933346
0.848047	3.91949	7.25838	-0.959703	-0.559238	1.92165	-4.32145	2.02751	1.797	0.784677	-1.46453	-1.00168	0.0716153	0.0581876	-1.18539	0.475881	1.70204	2.7096	4.68716	0.120816	0.176173	0.778303	-2.43558	1.76704	1.18843	-0.849622	-0.154523	-0.463072	-1.63379	1.18197	-1.24608	0.821302	0.357751	0.917988	3.29244	0.581813	-1.0939	0.16567	-1.37067	1.02596	1.64693	1.38519	0.535331	-0.686599	-0.534658	-0.480296	-1.14946	-0.601284
2.47235	6.53203	15.035	-1.04269	-2.3828	5.4775	-7.89469	2.02963	3.65713	1.62236	-1.98803	-0.664673	-0.688317	1.83641	-0.465131	0.942921	1.25865	3.36547	9.16877	-0.424664	0.501334	2.78133	-6.14572	2.04899	4.94505	0.0361433	0.684604	-1.08172	-2.46614	0.429795	-2.06189	-0.555925	1.16565	2.67382	6.29939	-1.17809	-0.732024	0.289473	-4.86011	3.02739	5.48789	1.33339	-0.864722	-1.32141	-1.71916	-0.252427	-0.664914	0.434878
-0.648824	-3.94736	-7.85674	1.40332	1.35459	-3.83418	4.95548	-2.18482	-0.785641	-1.47534	1.6546	-0.0109002	1.42856	-1.4822	-0.118213	-0.285371	-1.61102	-1.70582	-5.06741	1.07799	0.235957	-1.07873	3.66965	-1.2959	-2.0955	-0.183793	-0.935314	0.861254	1.32407	-0.355411	0.834113	0.0452828	-1.65445	-0.954017	-3.00924	-0.136754	0.520026	-0.0874675	1.89941	-2.26011	-3.07346	-0.0569743	0.881084	-0.253349	0.861023	-0.233388	0.409481	-0.531206
2.99104	5.19581	12.4958	-1.34223	-1.12382	4.85535	-6.10729	1.95599	2.27702	0.847338	-1.66664	-2.09423	-0.789752	1.93895	-1.82948	0.551026	0.684134	2.80476	7.67091	-1.08753	-0.0525005	2.79409	-4.43726	2.27577	2.92834	-0.241131	-0.879293	-0.570797	-2.2113	1.26491	-0.980575	0.947852	1.59183	2.17823	4.48381	-1.31962	-0.84297	1.5114	-3.47026	3.23531	3.28082	1.19565	-1.35554	-0.897931	-2.59627	-0.267021	-0.127505	-0.590758
-1.21083	-1.69424	-2.76029	-0.084046	0.644606	-1.99194	1.2077	-0.259988	-1.11121	-0.127242	1.21722	0.426174	0.706366	-0.220573	0.900498	-0.0785022	0.0475299	-1.7539	-1.03818	0.772231	0.591604	-1.03406	1.77533	-0.473707	-1.40443	-0.911605	-0.771927	0.193975	0.493734	-0.376199	0.460504	0.1073	-1.23481	-0.470338	-1.52199	0.676802	0.805371	-0.804364	0.233738	-0.430568	-0.265375	0.619787	0.44117	-0.853671	-0.331841	-1.04231	-0.29481	-0.766561
1.43108	6.85346	12.8574	-1.8459	-1.71541	5.75526	-7.29557	1.94903	1.85882	0.438584	-0.598502	-0.808732	-0.860713	0.615375	-0.492477	0.0573421	2.07366	3.16682	7.64499	-0.802241	-0.314064	3.17157	-6.20557	1.50618	4.08585	-0.354467	-0.943907	-0.559214	-1.12456	0.745946	-1.63399	0.879414	0.42968	1.81314	5.19743	-0.299192	-1.61912	1.45401	-3.40336	3.19616	4.72755	0.762553	-0.271923	-0.676347	-1.70334	0.0267041	-0.406758	-0.482705
-2.11187	-5.59978	-12.3239	2.49664	1.31545	-4.85161	6.30292	-1.0774	-2.92565	-0.450751	1.58453	1.79836	0.56887	-1.75949	1.63666	0.615344	-1.60059	-2.98315	-6.23183	1.24135	0.684637	-2.51917	4.93435	-1.53062	-4.6153	0.342493	-0.0860509	0.336294	0.946872	-0.677239	0.224819	-1.10802	-1.75559	-1.73932	-4.27882	0.988787	0.112021	-0.82669	3.48945	-3.44143	-4.33565	-0.251516	-0.414976	-0.0332804	1.75807	-1.12233	1.64534	-0.70129
-1.42934	-5.22081	-11.2369	1.9623	0.198651	-4.84507	6.41664	-2.65747	-2.91641	-1.32765	0.440193	0.251494	0.50525	-1.83825	0.271267	-0.303163	-1.15674	-2.83035	-6.94708	-0.0874861	0.324408	-1.36093	4.09945	-1.9818	-4.09981	0.250394	-0.393006	0.00324721	0.761285	-1.24616	1.39427	-0.161916	-0.423408	-3.03526	-4.2316	1.26787	0.347327	-1.63271	2.50743	-2.79677	-4.60043	-0.0758729	0.0234664	-0.153391	1.72285	-0.0766282	0.218919	-0.0199074
-2.99778	-7.63981	-15.5905	2.49591	1.64929	-6.56829	8.09595	-3.16259	-3.70297	-0.500722	1.77433	1.83214	2.34798	-1.86789	0.489552	-0.690986	-1.74792	-5.06776	-9.17516	-0.420953	-0.486361	-2.35921	7.06518	-3.7076	-4.44502	-0.369329	-0.583833	-0.353956	1.56492	-1.33284	1.0179	0.0500413	-1.95478	-2.47117	-5.62857	1.45303	1.05176	-0.40211	3.92533	-4.49492	-5.16887	-0.508914	0.763971	0.782644	3.33537	-0.681555	1.85741	-0.747692
-1.27271	-6.71261	-13.4115	1.14617	0.95488	-5.65445	6.84736	-2.24239	-1.56291	0.113005	0.857755	1.96348	1.21503	-1.28097	0.314081	-0.55735	-1.52821	-3.68436	-7.68431	0.415454	-0.696359	-1.9498	5.82371	-3.09416	-5.0106	-0.968057	0.388033	1.15986	2.30887	0.0793138	0.34764	-0.18994	-0.0977948	-3.45545	-4.21298	0.231014	0.522341	-0.0875536	3.60611	-2.57165	-4.80717	-0.23832	0.0141288	0.191032	3.03957	-0.790165	0.939675	0.353725
-2.62583	-7.38109	-13.8271	2.01293	0.604534	-6.76058	8.90983	-2.94046	-2.16207	-1.40847	1.62076	0.794007	1.01371	-1.16636	1.02614	-0.25692	-1.90853	-3.94672	-7.74389	-0.471359	0.846928	-3.07477	6.35779	-2.12738	-5.02789	0.666463	0.672241	1.08246	0.987148	-0.469526	1.07333	-0.49277	-1.89904	-2.47259	-5.0422	-0.410683	0.21501	-0.509354	3.31729	-3.46536	-4.78032	-1.47771	-0.103176	1.21778	2.70336	0.52892	1.21805	-0.765841
2.01082	5.86109	13.4774	-2.0319	-0.765683	4.9518	-8.32331	1.75796	3.26016	0.666346	-0.982735	-1.83554	-1.05456	1.68375	-1.42543	0.686325	2.16395	4.58157	7.74166	-0.724523	0.817494	2.94498	-4.6729	2.06807	3.9512	0.371208	-0.429219	0.0362184	-1.20521	0.408218	-1.28699	0.354216	1.74738	2.08061	4.82534	-1.15221	-0.55844	0.260502	-3.34525	3.29428	4.91318	-0.0237351	-1.47845	0.032391	-2.95154	-0.243156	-2.02576	0.312087
3.27786	7.26243	13.825	-1.35181	-1.79393	6.54065	-8.47574	2.23203	2.43525	0.192285	-0.97286	-1.05574	-2.14007	0.454219	-1.12197	1.03086	2.68302	4.54119	7.15992	0.501018	-0.397157	2.47776	-6.10468	3.23193	5.21255	0.755945	-0.961069	-0.342535	-2.07106	1.67471	-1.57025	0.520346	1.6291	2.36236	4.71332	0.405348	-0.0288021	0.443598	-4.80894	3.74608	5.11573	0.311651	-1.58568	-1.50767	-2.14972	0.093567	-1.45446	0.430113
-1.45688	-4.99865	-10.7588	2.34065	1.33643	-4.84861	6.53229	-1.72287	-1.10193	-1.28537	0.938168	2.05107	1.77009	-0.9312	1.01958	-0.491454	-1.03213	-2.24581	-5.52693	0.402572	0.577479	-2.04407	5.46996	-2.83344	-3.55027	-0.421026	-0.354578	1.11378	1.77994	-0.848144	1.48403	0.141257	-1.22846	-1.28746	-3.43584	1.10002	0.500196	-1.34544	3.4368	-1.56879	-4.68511	-1.60256	1.09904	0.632573	1.62948	0.041093	0.141413	-0.134016
-1.2074	-5.87754	-11.789	1.77678	1.50329	-4.77149	6.83228	-1.62849	-1.86223	-0.403673	1.66138	1.99395	0.696445	-1.8883	1.79716	-0.270605	-0.888096	-4.13189	-7.59949	-0.268991	0.0816301	-2.90759	5.32936	-3.0255	-3.51951	0.218614	0.34014	0.135532	1.90244	-0.27063	1.85613	0.254267	-1.7315	-3.04325	-4.73218	1.23526	0.659026	0.100043	3.82037	-2.40906	-4.001	-0.405709	1.32207	0.173843	2.72043	-0.200961	0.416443	-0.642914
0.851326	2.31508	5.55564	-1.63004	0.394362	1.92008	-3.94996	0.595524	0.44897	0.977742	-1.03125	-1.22843	-0.193257	-0.240758	0.240393	-0.198747	0.584627	1.76775	2.37743	0.720383	-0.72934	2.052	-1.75154	1.16551	1.51855	-0.187364	0.0811226	-1.04274	-0.539557	0.227343	-0.716703	0.880667	0.109188	1.57958	1.76854	-0.792684	-0.259481	0.475092	-2.02695	0.753587	1.51926	0.313196	-0.192596	-1.10532	0.0923306	-0.496176	-0.50143	-0.355921
0.169232	1.15849	0.091272	-0.544052	-0.399724	-0.0723252	0.42891	2.0358	-1.02383	0.775008	1.95287	0.810928	-0.190908	0.100915	0.807969	-0.152493	0.15775	-1.8794	-1.28655	-2.05074	0.0862399	0.851469	-0.608539	-0.515874	-0.571649
-0.552987	-0.844593	-1.18627	1.50576	-0.37293	0.901319	-0.92686	-1.7735	0.64937	-0.677272	-1.52112	0.390298	-0.359979	0.924783	-0.118929	0.921659	1.52146	1.17898	0.0901606	0.902105	-0.0199632	0.0595425	-0.0128004	0.332629	-0.753728
-0.26379	-0.162663	0.328584	0.503414	0.758016	0.17485	-0.0612869	-1.13493	0.944838	0.285183	-1.55688	1.01501	-0.799927	-0.815489	-1.16294	0.426607	-0.0446947	1.24203	0.90582	1.26376	-1.4288	-1.83196	0.240362	0.922744	0.277707
-0.122245	-0.280684	0.00583093	0.0955292	-0.184903	-0.176061	0.445429	1.09816	0.0611413	1.03526	-0.300271	-1.42129	0.818326	-1.19408	0.635883	-0.392511	-0.806626	-1.21639	-0.133891	0.0696661	1.07466	1.26914	0.0198376	-0.290947	0.670612
-0.386178	0.35748	1.23922	-1.03918	0.039143	-0.726972	0.53424	2.61633	-0.11077	0.93135	1.31755	-0.482665	1.12644	0.826683	0.112071	-1.15832	-1.06317	-1.90925	-0.460821	-0.582578	0.514633	1.3564	-1.05713	-1.16451	-0.884348
0.0994816	-0.0672119	0.0980022	-0.527146	-0.228288	-1.81517	1.07452	2.12143	-1.06346	0.944387	1.10369	0.658747	0.528209	0.324878	0.964062	-0.676932	0.0207288	-2.21975	-0.781564	-0.443261	0.838742	0.649695	-0.960502	-0.23845	-0.168336
-0.192531	-1.14527	-0.22518	0.684177	0.446769	0.715614	0.569069	-1.8346	-0.10458	-0.0140325	-0.103979	0.0890561	-1.46076	-0.389541	-0.397592	0.579575	0.864124	1.83854	-0.10142	1.84674	-1.30349	-1.42077	0.868538	0.16086	-0.0464954
0.178057	0.383553	-0.824001	0.525904	-0.540675	1.42675	0.15146	-2.25258	0.685073	0.769728	-2.00134	-0.741082	-0.487639	0.394313	-1.58572	1.31111	0.481224	1.50746	0.305439	0.942016	-0.435577	-1.36802	0.228751	1.60535	-0.550354
-0.298377	0.694174	-0.317342	-0.584794	-0.0846544	-0.860104	1.00199	1.89023	0.264389	-0.756512	1.2238	-0.983406	0.254936	0.0662248	1.50486	0.0411648	0.0316171	-2.24195	-1.71606	-1.5671	1.09293	0.718651	-0.0585646	-0.94637	1.07995
0.516779	0.0238024	-1.48296	0.774125	0.459067	1.17003	0.0122014	-1.23672	0.285103	-0.663868	-0.357704	0.820761	-0.206488	0.92271	0.0894987	1.00695	0.841833	0.869131	-0.273051	1.05539	-1.66755	-1.02245	-0.207107	-0.301735	-0.93128
0.179802	-0.681965	-0.449314	1.54279	0.906598	1.34562	-0.283964	-1.93797	0.0155508	0.121914	-1.48198	0.457644	-0.583795	0.90093	-0.598613	-0.257768	0.186144	2.33314	1.38176	1.54393	-1.58815	-1.90016	0.17931	0.0226218	-0.167736
0.553747	1.43354	0.888305	-0.481135	-1.25522	-1.1923	0.979178	1.45708	0.152177	-0.0279512	1.28831	0.0659495	-0.196648	0.719068	0.764776	-1.11382	-0.705559	-1.10709	-1.00478	-1.00978	-0.189046	0.559103	0.0326554	-0.143599	-0.402638
-1.02519	0.637775	0.797137	-0.091085	-2.20843	-0.503311	0.0325354	1.47705	-1.11763	0.950584	2.54117	-1.43381
0.829187	-1.06227	-0.882412	0.517917	1.52927	1.93879	-1.64289	-1.44626	1.81908	0.0629503	-1.71958	-0.262742
apagar 1 0
prender 0 1
